{
 "cells": [
  {
   "cell_type": "code",
   "id": "initial_id",
   "metadata": {
    "collapsed": true,
    "ExecuteTime": {
     "end_time": "2024-11-17T09:53:11.352551Z",
     "start_time": "2024-11-17T09:53:11.346403Z"
    }
   },
   "source": [
    "import torch\n",
    "\n",
    "inputs = torch.tensor(\n",
    "    [[0.43, 0.15, 0.89],  # Your     (x^1)\n",
    "     [0.55, 0.87, 0.66],  # journey  (x^2)\n",
    "     [0.57, 0.85, 0.64],  # starts   (x^3)\n",
    "     [0.22, 0.58, 0.33],  # with     (x^4)\n",
    "     [0.77, 0.25, 0.10],  # one      (x^5)\n",
    "     [0.05, 0.80, 0.55]]  # step     (x^6)\n",
    ")\n",
    "\n",
    "attn_scores = torch.empty(6, 6)\n",
    "for i, x_i in enumerate(inputs):\n",
    "    print(f\"Query:     {x_i}\")\n",
    "    for j, x_j in enumerate(inputs):\n",
    "        attn_scores[i, j] = torch.dot(x_i, x_j)\n",
    "    print(f\"Attention: {attn_scores[i]}\")\n",
    "print(attn_scores)"
   ],
   "outputs": [
    {
     "name": "stdout",
     "output_type": "stream",
     "text": [
      "Query:     tensor([0.4300, 0.1500, 0.8900])\n",
      "Attention: tensor([0.9995, 0.9544, 0.9422, 0.4753, 0.4576, 0.6310])\n",
      "Query:     tensor([0.5500, 0.8700, 0.6600])\n",
      "Attention: tensor([0.9544, 1.4950, 1.4754, 0.8434, 0.7070, 1.0865])\n",
      "Query:     tensor([0.5700, 0.8500, 0.6400])\n",
      "Attention: tensor([0.9422, 1.4754, 1.4570, 0.8296, 0.7154, 1.0605])\n",
      "Query:     tensor([0.2200, 0.5800, 0.3300])\n",
      "Attention: tensor([0.4753, 0.8434, 0.8296, 0.4937, 0.3474, 0.6565])\n",
      "Query:     tensor([0.7700, 0.2500, 0.1000])\n",
      "Attention: tensor([0.4576, 0.7070, 0.7154, 0.3474, 0.6654, 0.2935])\n",
      "Query:     tensor([0.0500, 0.8000, 0.5500])\n",
      "Attention: tensor([0.6310, 1.0865, 1.0605, 0.6565, 0.2935, 0.9450])\n",
      "tensor([[0.9995, 0.9544, 0.9422, 0.4753, 0.4576, 0.6310],\n",
      "        [0.9544, 1.4950, 1.4754, 0.8434, 0.7070, 1.0865],\n",
      "        [0.9422, 1.4754, 1.4570, 0.8296, 0.7154, 1.0605],\n",
      "        [0.4753, 0.8434, 0.8296, 0.4937, 0.3474, 0.6565],\n",
      "        [0.4576, 0.7070, 0.7154, 0.3474, 0.6654, 0.2935],\n",
      "        [0.6310, 1.0865, 1.0605, 0.6565, 0.2935, 0.9450]])\n"
     ]
    }
   ],
   "execution_count": 7
  },
  {
   "metadata": {
    "ExecuteTime": {
     "end_time": "2024-11-17T09:56:40.713321Z",
     "start_time": "2024-11-17T09:56:40.708740Z"
    }
   },
   "cell_type": "code",
   "source": "inputs.T",
   "id": "a0115ce926357a42",
   "outputs": [
    {
     "data": {
      "text/plain": [
       "tensor([[0.4300, 0.5500, 0.5700, 0.2200, 0.7700, 0.0500],\n",
       "        [0.1500, 0.8700, 0.8500, 0.5800, 0.2500, 0.8000],\n",
       "        [0.8900, 0.6600, 0.6400, 0.3300, 0.1000, 0.5500]])"
      ]
     },
     "execution_count": 10,
     "metadata": {},
     "output_type": "execute_result"
    }
   ],
   "execution_count": 10
  },
  {
   "metadata": {
    "ExecuteTime": {
     "end_time": "2024-11-17T09:55:45.998476Z",
     "start_time": "2024-11-17T09:55:45.994174Z"
    }
   },
   "cell_type": "code",
   "source": [
    "attn_scores = inputs @ inputs.T\n",
    "attn_scores"
   ],
   "id": "7d4474a6b4df6bfc",
   "outputs": [
    {
     "data": {
      "text/plain": [
       "tensor([[0.9995, 0.9544, 0.9422, 0.4753, 0.4576, 0.6310],\n",
       "        [0.9544, 1.4950, 1.4754, 0.8434, 0.7070, 1.0865],\n",
       "        [0.9422, 1.4754, 1.4570, 0.8296, 0.7154, 1.0605],\n",
       "        [0.4753, 0.8434, 0.8296, 0.4937, 0.3474, 0.6565],\n",
       "        [0.4576, 0.7070, 0.7154, 0.3474, 0.6654, 0.2935],\n",
       "        [0.6310, 1.0865, 1.0605, 0.6565, 0.2935, 0.9450]])"
      ]
     },
     "execution_count": 9,
     "metadata": {},
     "output_type": "execute_result"
    }
   ],
   "execution_count": 9
  },
  {
   "metadata": {
    "ExecuteTime": {
     "end_time": "2024-11-17T10:01:43.650373Z",
     "start_time": "2024-11-17T10:01:43.645899Z"
    }
   },
   "cell_type": "code",
   "source": [
    "attn_weights = torch.softmax(attn_scores, dim=1)\n",
    "attn_weights"
   ],
   "id": "a5cb4c49451699bc",
   "outputs": [
    {
     "data": {
      "text/plain": [
       "tensor([[0.2098, 0.2006, 0.1981, 0.1242, 0.1220, 0.1452],\n",
       "        [0.1385, 0.2379, 0.2333, 0.1240, 0.1082, 0.1581],\n",
       "        [0.1390, 0.2369, 0.2326, 0.1242, 0.1108, 0.1565],\n",
       "        [0.1435, 0.2074, 0.2046, 0.1462, 0.1263, 0.1720],\n",
       "        [0.1526, 0.1958, 0.1975, 0.1367, 0.1879, 0.1295],\n",
       "        [0.1385, 0.2184, 0.2128, 0.1420, 0.0988, 0.1896]])"
      ]
     },
     "execution_count": 18,
     "metadata": {},
     "output_type": "execute_result"
    }
   ],
   "execution_count": 18
  },
  {
   "metadata": {
    "ExecuteTime": {
     "end_time": "2024-11-17T10:02:07.092809Z",
     "start_time": "2024-11-17T10:02:07.089141Z"
    }
   },
   "cell_type": "code",
   "source": "print(\"All row sums:\", attn_weights.sum(dim=-1))",
   "id": "b91009264a462e5a",
   "outputs": [
    {
     "name": "stdout",
     "output_type": "stream",
     "text": [
      "All row sums: tensor([1.0000, 1.0000, 1.0000, 1.0000, 1.0000, 1.0000])\n"
     ]
    }
   ],
   "execution_count": 21
  },
  {
   "metadata": {
    "ExecuteTime": {
     "end_time": "2024-11-17T10:02:09.066529Z",
     "start_time": "2024-11-17T10:02:09.063002Z"
    }
   },
   "cell_type": "code",
   "source": [
    "all_context_vecs = attn_weights @ inputs\n",
    "print(all_context_vecs)"
   ],
   "id": "6b1af6e918bac859",
   "outputs": [
    {
     "name": "stdout",
     "output_type": "stream",
     "text": [
      "tensor([[0.4421, 0.5931, 0.5790],\n",
      "        [0.4419, 0.6515, 0.5683],\n",
      "        [0.4431, 0.6496, 0.5671],\n",
      "        [0.4304, 0.6298, 0.5510],\n",
      "        [0.4671, 0.5910, 0.5266],\n",
      "        [0.4177, 0.6503, 0.5645]])\n"
     ]
    }
   ],
   "execution_count": 23
  }
 ],
 "metadata": {
  "kernelspec": {
   "display_name": "Python 3",
   "language": "python",
   "name": "python3"
  },
  "language_info": {
   "codemirror_mode": {
    "name": "ipython",
    "version": 2
   },
   "file_extension": ".py",
   "mimetype": "text/x-python",
   "name": "python",
   "nbconvert_exporter": "python",
   "pygments_lexer": "ipython2",
   "version": "2.7.6"
  }
 },
 "nbformat": 4,
 "nbformat_minor": 5
}
