{
 "cells": [
  {
   "metadata": {
    "ExecuteTime": {
     "end_time": "2024-11-17T11:47:22.331404Z",
     "start_time": "2024-11-17T11:47:22.323686Z"
    }
   },
   "cell_type": "code",
   "source": [
    "import torch\n",
    "import torch.nn as nn\n",
    "\n",
    "inputs = torch.tensor(\n",
    "    [[0.43, 0.15, 0.89],  # Your     (x^1)\n",
    "     [0.55, 0.87, 0.66],  # journey  (x^2)\n",
    "     [0.57, 0.85, 0.64],  # starts   (x^3)\n",
    "     [0.22, 0.58, 0.33],  # with     (x^4)\n",
    "     [0.77, 0.25, 0.10],  # one      (x^5)\n",
    "     [0.05, 0.80, 0.55]]  # step     (x^6)\n",
    ")\n",
    "d_in = inputs.shape[1]      #2\n",
    "d_out = 2\n",
    "\n",
    "class SelfAttention_v2(nn.Module):\n",
    "    def __init__(self, d_in, d_out, qkv_bias=False):\n",
    "        super().__init__()\n",
    "        self.W_query = nn.Linear(d_in, d_out, bias=qkv_bias)\n",
    "        self.W_key   = nn.Linear(d_in, d_out, bias=qkv_bias)\n",
    "        self.W_value = nn.Linear(d_in, d_out, bias=qkv_bias)\n",
    "\n",
    "    def forward(self, x):\n",
    "        keys = self.W_key(x)\n",
    "        queries = self.W_query(x)\n",
    "        values = self.W_value(x)\n",
    "        attn_scores = queries @ keys.T\n",
    "        attn_weights = torch.softmax(\n",
    "            attn_scores / keys.shape[-1]**0.5, dim=-1\n",
    "        )\n",
    "        context_vec = attn_weights @ values\n",
    "        return context_vec\n",
    "\n",
    "class SelfAttention_v1(nn.Module):\n",
    "    def __init__(self, d_in, d_out):\n",
    "        super().__init__()\n",
    "        self.W_query = nn.Parameter(torch.rand(d_in, d_out))\n",
    "        self.W_key   = nn.Parameter(torch.rand(d_in, d_out))\n",
    "        self.W_value = nn.Parameter(torch.rand(d_in, d_out))\n",
    "\n",
    "    def forward(self, x):\n",
    "        keys = x @ self.W_key\n",
    "        queries = x @ self.W_query\n",
    "        values = x @ self.W_value\n",
    "        attn_scores = queries @ keys.T # omega\n",
    "        attn_weights = torch.softmax(\n",
    "            attn_scores / keys.shape[-1]**0.5, dim=-1\n",
    "        )\n",
    "        context_vec = attn_weights @ values\n",
    "        # print(f\"keys: {keys}\")\n",
    "        # print(f\"queries: {queries}\")\n",
    "        # print(f\"values: {values}\")\n",
    "        # print(f\"attn_scores: {attn_scores}\")\n",
    "        # print(f\"attn_weights: {attn_weights}\")\n",
    "        # print(f\"context_vec: {context_vec}\")\n",
    "        return context_vec\n",
    "\n",
    "torch.manual_seed(789)\n",
    "sa_v1 = SelfAttention_v1(d_in, d_out)\n",
    "sa_v2 = SelfAttention_v2(d_in, d_out)\n",
    "# sa_v2.W_query.weight.data = sa_v1.W_query.T\n",
    "# sa_v2.W_key.weight.data = sa_v1.W_key.T\n",
    "# sa_v2.W_value.weight.data = sa_v1.W_value.T\n",
    "# print(sa_v2(inputs))"
   ],
   "id": "edbbdb034e585177",
   "outputs": [],
   "execution_count": 21
  },
  {
   "metadata": {},
   "cell_type": "code",
   "outputs": [],
   "execution_count": null,
   "source": "\n",
   "id": "ba6b4176ead80f55"
  },
  {
   "cell_type": "code",
   "id": "initial_id",
   "metadata": {
    "collapsed": true,
    "ExecuteTime": {
     "end_time": "2024-11-17T11:47:37.037803Z",
     "start_time": "2024-11-17T11:47:37.033077Z"
    }
   },
   "source": [
    "queries = sa_v2.W_query(inputs)     #1\n",
    "keys = sa_v2.W_key(inputs)\n",
    "attn_scores = queries @ keys.T\n",
    "attn_weights = torch.softmax(attn_scores / keys.shape[-1]**0.5, dim=-1)\n",
    "print(attn_weights)"
   ],
   "outputs": [
    {
     "name": "stdout",
     "output_type": "stream",
     "text": [
      "tensor([[0.1766, 0.1701, 0.1699, 0.1597, 0.1618, 0.1620],\n",
      "        [0.1772, 0.1720, 0.1717, 0.1580, 0.1596, 0.1615],\n",
      "        [0.1769, 0.1719, 0.1716, 0.1582, 0.1597, 0.1616],\n",
      "        [0.1725, 0.1696, 0.1695, 0.1618, 0.1627, 0.1638],\n",
      "        [0.1687, 0.1694, 0.1692, 0.1637, 0.1634, 0.1656],\n",
      "        [0.1758, 0.1704, 0.1702, 0.1598, 0.1615, 0.1623]],\n",
      "       grad_fn=<SoftmaxBackward0>)\n"
     ]
    }
   ],
   "execution_count": 23
  },
  {
   "metadata": {
    "ExecuteTime": {
     "end_time": "2024-11-17T11:48:05.328676Z",
     "start_time": "2024-11-17T11:48:05.324138Z"
    }
   },
   "cell_type": "code",
   "source": [
    "context_length = attn_scores.shape[0]\n",
    "mask_simple = torch.tril(torch.ones(context_length, context_length))\n",
    "print(mask_simple)"
   ],
   "id": "6b8ea329c164aac6",
   "outputs": [
    {
     "name": "stdout",
     "output_type": "stream",
     "text": [
      "tensor([[1., 0., 0., 0., 0., 0.],\n",
      "        [1., 1., 0., 0., 0., 0.],\n",
      "        [1., 1., 1., 0., 0., 0.],\n",
      "        [1., 1., 1., 1., 0., 0.],\n",
      "        [1., 1., 1., 1., 1., 0.],\n",
      "        [1., 1., 1., 1., 1., 1.]])\n"
     ]
    }
   ],
   "execution_count": 25
  },
  {
   "metadata": {
    "ExecuteTime": {
     "end_time": "2024-11-17T11:48:30.189791Z",
     "start_time": "2024-11-17T11:48:30.186925Z"
    }
   },
   "cell_type": "code",
   "source": [
    "masked_simple = attn_weights*mask_simple\n",
    "print(masked_simple)"
   ],
   "id": "87e532e299074404",
   "outputs": [
    {
     "name": "stdout",
     "output_type": "stream",
     "text": [
      "tensor([[0.1766, 0.0000, 0.0000, 0.0000, 0.0000, 0.0000],\n",
      "        [0.1772, 0.1720, 0.0000, 0.0000, 0.0000, 0.0000],\n",
      "        [0.1769, 0.1719, 0.1716, 0.0000, 0.0000, 0.0000],\n",
      "        [0.1725, 0.1696, 0.1695, 0.1618, 0.0000, 0.0000],\n",
      "        [0.1687, 0.1694, 0.1692, 0.1637, 0.1634, 0.0000],\n",
      "        [0.1758, 0.1704, 0.1702, 0.1598, 0.1615, 0.1623]],\n",
      "       grad_fn=<MulBackward0>)\n"
     ]
    }
   ],
   "execution_count": 27
  },
  {
   "metadata": {
    "ExecuteTime": {
     "end_time": "2024-11-17T11:49:43.328658Z",
     "start_time": "2024-11-17T11:49:43.324933Z"
    }
   },
   "cell_type": "code",
   "source": [
    "row_sums = masked_simple.sum(dim=-1, keepdim=True)\n",
    "masked_simple_norm = masked_simple / row_sums\n",
    "print(masked_simple_norm)"
   ],
   "id": "404672781955ccec",
   "outputs": [
    {
     "name": "stdout",
     "output_type": "stream",
     "text": [
      "tensor([[1.0000, 0.0000, 0.0000, 0.0000, 0.0000, 0.0000],\n",
      "        [0.5075, 0.4925, 0.0000, 0.0000, 0.0000, 0.0000],\n",
      "        [0.3399, 0.3303, 0.3298, 0.0000, 0.0000, 0.0000],\n",
      "        [0.2562, 0.2519, 0.2517, 0.2402, 0.0000, 0.0000],\n",
      "        [0.2021, 0.2030, 0.2028, 0.1962, 0.1959, 0.0000],\n",
      "        [0.1758, 0.1704, 0.1702, 0.1598, 0.1615, 0.1623]],\n",
      "       grad_fn=<DivBackward0>)\n"
     ]
    }
   ],
   "execution_count": 30
  },
  {
   "metadata": {
    "ExecuteTime": {
     "end_time": "2024-11-17T11:50:46.231954Z",
     "start_time": "2024-11-17T11:50:46.227080Z"
    }
   },
   "cell_type": "code",
   "source": [
    "mask = torch.triu(torch.ones(context_length, context_length), diagonal=1)\n",
    "masked = attn_scores.masked_fill(mask.bool(), -torch.inf)\n",
    "masked"
   ],
   "id": "49e8b5c761031284",
   "outputs": [
    {
     "data": {
      "text/plain": [
       "tensor([[0.2118,   -inf,   -inf,   -inf,   -inf,   -inf],\n",
       "        [0.2676, 0.2249,   -inf,   -inf,   -inf,   -inf],\n",
       "        [0.2622, 0.2215, 0.2193,   -inf,   -inf,   -inf],\n",
       "        [0.1496, 0.1257, 0.1244, 0.0587,   -inf,   -inf],\n",
       "        [0.0926, 0.0984, 0.0972, 0.0506, 0.0479,   -inf],\n",
       "        [0.2108, 0.1664, 0.1649, 0.0754, 0.0907, 0.0973]],\n",
       "       grad_fn=<MaskedFillBackward0>)"
      ]
     },
     "execution_count": 37,
     "metadata": {},
     "output_type": "execute_result"
    }
   ],
   "execution_count": 37
  },
  {
   "metadata": {
    "ExecuteTime": {
     "end_time": "2024-11-17T11:52:32.208953Z",
     "start_time": "2024-11-17T11:52:32.205027Z"
    }
   },
   "cell_type": "code",
   "source": [
    "attn_weights = torch.softmax(masked / keys.shape[-1]**0.5, dim=1)\n",
    "print(attn_weights)"
   ],
   "id": "5b2aa9f171d44a9f",
   "outputs": [
    {
     "name": "stdout",
     "output_type": "stream",
     "text": [
      "tensor([[1.0000, 0.0000, 0.0000, 0.0000, 0.0000, 0.0000],\n",
      "        [0.5075, 0.4925, 0.0000, 0.0000, 0.0000, 0.0000],\n",
      "        [0.3399, 0.3303, 0.3298, 0.0000, 0.0000, 0.0000],\n",
      "        [0.2562, 0.2519, 0.2517, 0.2402, 0.0000, 0.0000],\n",
      "        [0.2021, 0.2030, 0.2028, 0.1962, 0.1959, 0.0000],\n",
      "        [0.1758, 0.1704, 0.1702, 0.1598, 0.1615, 0.1623]],\n",
      "       grad_fn=<SoftmaxBackward0>)\n"
     ]
    }
   ],
   "execution_count": 40
  },
  {
   "metadata": {
    "ExecuteTime": {
     "end_time": "2024-11-17T11:54:30.024693Z",
     "start_time": "2024-11-17T11:54:30.020155Z"
    }
   },
   "cell_type": "code",
   "source": [
    "torch.manual_seed(123)\n",
    "dropout = torch.nn.Dropout(0.5)    #1\n",
    "example = torch.ones(6, 6)      #2torch.manual_seed(123)\n",
    "print(dropout(attn_weights))"
   ],
   "id": "a54f48e5e53ec375",
   "outputs": [
    {
     "name": "stdout",
     "output_type": "stream",
     "text": [
      "tensor([[2.0000, 0.0000, 0.0000, 0.0000, 0.0000, 0.0000],\n",
      "        [0.0000, 0.0000, 0.0000, 0.0000, 0.0000, 0.0000],\n",
      "        [0.6799, 0.6606, 0.6595, 0.0000, 0.0000, 0.0000],\n",
      "        [0.0000, 0.5038, 0.5033, 0.0000, 0.0000, 0.0000],\n",
      "        [0.0000, 0.4060, 0.0000, 0.3924, 0.0000, 0.0000],\n",
      "        [0.0000, 0.3408, 0.3404, 0.3196, 0.3230, 0.0000]],\n",
      "       grad_fn=<MulBackward0>)\n"
     ]
    }
   ],
   "execution_count": 45
  },
  {
   "metadata": {
    "ExecuteTime": {
     "end_time": "2024-11-17T11:55:12.383163Z",
     "start_time": "2024-11-17T11:55:12.378088Z"
    }
   },
   "cell_type": "code",
   "source": [
    "batch = torch.stack((inputs, inputs), dim=0)\n",
    "print(batch.shape)\n",
    "batch"
   ],
   "id": "769643dbc5a947d1",
   "outputs": [
    {
     "name": "stdout",
     "output_type": "stream",
     "text": [
      "torch.Size([2, 6, 3])\n"
     ]
    },
    {
     "data": {
      "text/plain": [
       "tensor([[[0.4300, 0.1500, 0.8900],\n",
       "         [0.5500, 0.8700, 0.6600],\n",
       "         [0.5700, 0.8500, 0.6400],\n",
       "         [0.2200, 0.5800, 0.3300],\n",
       "         [0.7700, 0.2500, 0.1000],\n",
       "         [0.0500, 0.8000, 0.5500]],\n",
       "\n",
       "        [[0.4300, 0.1500, 0.8900],\n",
       "         [0.5500, 0.8700, 0.6600],\n",
       "         [0.5700, 0.8500, 0.6400],\n",
       "         [0.2200, 0.5800, 0.3300],\n",
       "         [0.7700, 0.2500, 0.1000],\n",
       "         [0.0500, 0.8000, 0.5500]]])"
      ]
     },
     "execution_count": 49,
     "metadata": {},
     "output_type": "execute_result"
    }
   ],
   "execution_count": 49
  },
  {
   "metadata": {
    "ExecuteTime": {
     "end_time": "2024-11-17T11:56:45.841507Z",
     "start_time": "2024-11-17T11:56:45.836444Z"
    }
   },
   "cell_type": "code",
   "source": [
    "class CausalAttention(nn.Module):\n",
    "    def __init__(self, d_in, d_out, context_length,\n",
    "                dropout, qkv_bias=False):\n",
    "        super().__init__()\n",
    "        self.d_out = d_out\n",
    "        self.W_query = nn.Linear(d_in, d_out, bias=qkv_bias)\n",
    "        self.W_key   = nn.Linear(d_in, d_out, bias=qkv_bias)\n",
    "        self.W_value = nn.Linear(d_in, d_out, bias=qkv_bias)\n",
    "        self.dropout = nn.Dropout(dropout)            #1\n",
    "        self.register_buffer(\n",
    "           'mask',\n",
    "           torch.triu(torch.ones(context_length, context_length),\n",
    "           diagonal=1)\n",
    "        )             #2\n",
    "\n",
    "    def forward(self, x):\n",
    "        b, num_tokens, d_in = x.shape                   #3\n",
    "        keys = self.W_key(x)\n",
    "        queries = self.W_query(x)\n",
    "        values = self.W_value(x)\n",
    "\n",
    "        attn_scores = queries @ keys.transpose(1, 2)\n",
    "        attn_scores.masked_fill_(                    #4\n",
    "            self.mask.bool()[:num_tokens, :num_tokens], -torch.inf)\n",
    "        attn_weights = torch.softmax(\n",
    "            attn_scores / keys.shape[-1]**0.5, dim=-1\n",
    "        )\n",
    "        attn_weights = self.dropout(attn_weights)\n",
    "\n",
    "        context_vec = attn_weights @ values\n",
    "        return context_vec"
   ],
   "id": "5e53b835da933eb0",
   "outputs": [],
   "execution_count": 50
  },
  {
   "metadata": {
    "ExecuteTime": {
     "end_time": "2024-11-17T11:57:09.941543Z",
     "start_time": "2024-11-17T11:57:09.937101Z"
    }
   },
   "cell_type": "code",
   "source": [
    "torch.manual_seed(123)\n",
    "context_length = batch.shape[1]\n",
    "ca = CausalAttention(d_in, d_out, context_length, 0.0)\n",
    "context_vecs = ca(batch)\n",
    "print(\"context_vecs.shape:\", context_vecs.shape)\n",
    "context_vecs"
   ],
   "id": "ec2281f322bdba22",
   "outputs": [
    {
     "name": "stdout",
     "output_type": "stream",
     "text": [
      "context_vecs.shape: torch.Size([2, 6, 2])\n"
     ]
    },
    {
     "data": {
      "text/plain": [
       "tensor([[[-0.4519,  0.2216],\n",
       "         [-0.5874,  0.0058],\n",
       "         [-0.6300, -0.0632],\n",
       "         [-0.5675, -0.0843],\n",
       "         [-0.5526, -0.0981],\n",
       "         [-0.5299, -0.1081]],\n",
       "\n",
       "        [[-0.4519,  0.2216],\n",
       "         [-0.5874,  0.0058],\n",
       "         [-0.6300, -0.0632],\n",
       "         [-0.5675, -0.0843],\n",
       "         [-0.5526, -0.0981],\n",
       "         [-0.5299, -0.1081]]], grad_fn=<UnsafeViewBackward0>)"
      ]
     },
     "execution_count": 52,
     "metadata": {},
     "output_type": "execute_result"
    }
   ],
   "execution_count": 52
  }
 ],
 "metadata": {
  "kernelspec": {
   "display_name": "Python 3",
   "language": "python",
   "name": "python3"
  },
  "language_info": {
   "codemirror_mode": {
    "name": "ipython",
    "version": 2
   },
   "file_extension": ".py",
   "mimetype": "text/x-python",
   "name": "python",
   "nbconvert_exporter": "python",
   "pygments_lexer": "ipython2",
   "version": "2.7.6"
  }
 },
 "nbformat": 4,
 "nbformat_minor": 5
}
